42
42
42
42
42
42
42
42
253
250
217
42
42
206
129
42
235
214
42
42
42
175
126
42
221
191
42
42
96
60
42
122
118
42
42
42
42
30
238
42
176
79
42
17
42
15
216
42
1
42
42
82
47
42
145
112
42
42
42
42
3
42
23
241
42
42
204
190
42
224
211
42
42
42
172
163
42
188
181
42
42
125
84
42
141
130
42
42
42
42
69
249
42
91
11
42
42
120
114
42
185
170
42
42
42
247
233
42
67
92
42
42
42
128
123
42
174
135
42
42
42
42
42
42
99
80
42
117
106
42
42
228
189
42
25
248
42
42
2
42
55
51
42
42
160
137
42
234
212
42
42
42
42
102
75
42
131
110
42
42
148
138
42
201
151
42
42
42
64
62
42
93
85
42
42
237
207
42
9
242
42
42
42
42
42
164
159
42
200
198
42
42
59
22
42
133
124
42
42
42
229
208
42
20
246
42
16
42
39
38
42
42
42
42
194
177
42
244
197
42
42
104
100
42
149
132
42
42
42
66
43
42
95
72
42
42
14
251
42
92
92
50
42
42
42
42
42
42
42
226
187
42
232
227
42
42
166
107
42
183
167
42
42
42
29
42
13
223
42
37
33
42
42
155
139
42
225
218
42
42
42
42
90
77
42
121
98
42
42
27
252
42
31
12
42
42
42
210
157
42
243
236
42
42
86
63
42
119
94
42
42
42
42
40
42
68
10
42
42
169
161
42
220
213
42
42
42
109
87
42
140
113
42
42
134
111
42
186
171
42
42
42
42
240
205
42
78
42
184
156
42
42
153
150
42
193
165
42
42
42
35
32
42
74
53
42
42
255
230
42
7
173
42
42
42
42
42
42
76
41
42
168
88
42
42
142
116
42
195
152
42
42
42
28
21
42
105
45
42
42
219
209
42
58
18
42
42
42
42
89
83
42
103
97
42
42
196
154
42
245
203
42
42
42
101
71
42
143
136
42
42
54
182
42
44
5
42
42
42
42
42
52
46
42
178
162
42
42
108
8
42
42
179
222
180
42
0
42
42
19
6
42
42
158
34
199
42
42
42
42
4
65
42
81
49
42
42
42
231
147
202
42
42
56
254
57
42
42
42
42
144
127
42
192
146
42
42
70
24
42
115
73
42
42
42
239
215
48
42
26
42
61
36

